0.5 0.02 0.03 0.15 0.08 0.004 0.02 0.002 0.17 0.005 250
0.1 0.9 0.02 0.22 0.1 0.02 0.14 0.07 0.11 0.04 650
0.11 0.01 1 0.12 0.08 -0.01 0.13 0.2 0.12 0.19 -770
0.001 0.01 0.012 0.7 0.025 0.002 0.14 0.07 0.3 0.04 -800
0.021 0.03 0.012 0.005 1 0.3 0.14 0.3 0.06 -0.04 100.5
0 0 0.005 0.002 0.05 0.8 0.14 0.07 0.3 0.04 -35
0.018 -0.005 0.012 0.1 0.012 0.05 1 -0.07 0.06 0.35 -255
0.21 0.01 0 -0.005 0.3 0.05 0.3 1 0.06 -0.04 2500
0.04 -0.01 0.012 0.2 0.012 0.05 0.029 0.03 0.8 0.3 330
0.007 0.005 0.01 0.08 -0.3 0.03 0.1 0.02 0.25 -1 885
